{
  "locations": [
    {
      "name": "Moosewood",
      "position": [374.775085, 132.138458, 264.553467],
      "rotation": [
        [-1, 0, 0],
        [0, 1, 0],
        [0, 0, -1]
      ]
    },
    {
      "name": "Sunstone Island",
      "position": [-915.279602, 129.678696, -1100.1626],
      "rotation": [
        [-0.123959899, 0, -0.992287219],
        [0, 1, 0],
        [0.992287219, 0, -0.123959899]
      ]
    },
    {
      "name": "Statue Of Sovereingnty",
      "position": [18.9374638, 146.990356, -1024.33752],
      "rotation": [
        [0.976302147, 0.157428965, -0.148493066],
        [-0.165265545, 0.985357702, -0.0419229828],
        [0.139718905, 0.0654702857, 0.988024414]
      ]
    },
    {
      "name": "Lost Jungle",
      "position": [-2677.5127, 151.896225, -2079.02905],
      "rotation": [
        [-0.958511829, 0, -0.285053164],
        [0, 1, 0],
        [0.285053164, 0, -0.958511829]
      ]
    },
    {
      "name": "Grand Reef",
      "position": [-3554.67896, 147.420425, 513.704224],
      "rotation": [
        [-0.543016791, 0, 0.839722276],
        [0, 1, 0],
        [-0.839722276, 0, -0.543016791]
      ]
    },
    {
      "name": "Forsaken Shores",
      "position": [-2467.65405, 130.397888, 1566.20081],
      "rotation": [
        [-1.69277191e-05, 0.9698053, -0.243880451],
        [0.99999994, 1.70469284e-05, -2.10106373e-06],
        [2.10106373e-06, -0.243880451, -0.969805241]
      ]
    },
    {
      "name": "Terappin Island",
      "position": [-175.901978, 140.790588, 1944.89185],
      "rotation": [
        [0.00280255079, 0.0122541068, 0.999921024],
        [-0.0321199857, 0.999410093, -0.0121578183],
        [-0.999480069, -0.0320833772, 0.00319451094]
      ]
    },
    {
      "name": "Snowcap Island",
      "position": [2619.63086, 131.405777, 2367.06592],
      "rotation": [
        [0.771461964, 0, 0.63627547],
        [0, 1, 0],
        [-0.63627547, 0, 0.771461964]
      ]
    },
    {
      "name": "Ancient Islan",
      "position": [6066.96143, 192.130188, 293.140259],
      "rotation": [
        [-0.438346624, 0, 0.898806036],
        [0, 1, 0],
        [-0.898806036, 0, -0.438346624]
      ]
    },
    {
      "name": "Castaway Cliffs",
      "position": [362.215332, 195.51915, -1816.73865],
      "rotation": [
        [0.130574167, 0, 0.991438746],
        [0, 1, 0],
        [-0.991438746, 0, 0.130574167]
      ]
    },
    {
      "name": "Roslit Bay",
      "position": [-1433.91907, 129.876923, 731.72113],
      "rotation": [
        [3.60012054e-05, -0.777696371, -0.628640056],
        [1, 3.60012054e-05, 1.27255917e-05],
        [1.27255917e-05, -0.628640056, 0.777696371]
      ]
    },
    {
      "name": "Northearn Expedition",
      "position": [19508.082, 128.249649, 5279.80371],
      "rotation": [
        [-0.880018592, 0.0576545596, 0.471426934],
        [0.0653695911, 0.997861147, -1.01607293e-05],
        [-0.470419198, 0.0308080446, -0.881905198]
      ]
    }
  ]
}
